Map from character to field name
A:	Asia
B:	Europe
C:	Jamaica
D:	Oceania
E:	South America
F:	USA
G:	?


Substitution rate (mu): 275.504821

Equilibrium frequencies (pi_i):
  A: 0.0956
  B: 0.1147
  C: 0.1504
  D: 0.1185
  E: 0.1655
  F: 0.3554

Symmetrized rates from j->i (W_ij):
	A	B	C	D	E	F
  A	0	1.2412	0.3258	0.7768	0.4148	3.2734
  B	1.2412	0	0.3262	0.7598	0.3267	3.0791
  C	0.3258	0.3262	0	0.3267	0.3269	0.4803
  D	0.7768	0.7598	0.3267	0	0.327	3.2779
  E	0.4148	0.3267	0.3269	0.327	0	0.3985
  F	3.2734	3.0791	0.4803	3.2779	0.3985	0

Actual rates from j->i (Q_ij):
	A	B	C	D	E	F
  A	0	0.1186	0.0311	0.0742	0.0396	0.3129
  B	0.1424	0	0.0374	0.0872	0.0375	0.3532
  C	0.049	0.049	0	0.0491	0.0492	0.0722
  D	0.092	0.09	0.0387	0	0.0387	0.3884
  E	0.0686	0.0541	0.0541	0.0541	0	0.0659
  F	1.1633	1.0942	0.1707	1.1648	0.1416	0
