Map from character to field name
A:	Asia
B:	Europe
C:	Jamaica
D:	Oceania
E:	South America
F:	USA
G:	?


Substitution rate (mu): 219.306527

Equilibrium frequencies (pi_i):
  A: 0.0717
  B: 0.1261
  C: 0.1354
  D: 0.1158
  E: 0.1705
  F: 0.3805

Symmetrized rates from j->i (W_ij):
	A	B	C	D	E	F
  A	0	1.5485	0.4651	0.7614	0.6949	4.9253
  B	1.5485	0	0.4657	0.6537	0.4653	2.0544
  C	0.4651	0.4657	0	0.4662	0.4661	0.6896
  D	0.7614	0.6537	0.4662	0	0.4659	2.5876
  E	0.6949	0.4653	0.4661	0.4659	0	0.4535
  F	4.9253	2.0544	0.6896	2.5876	0.4535	0

Actual rates from j->i (Q_ij):
	A	B	C	D	E	F
  A	0	0.111	0.0333	0.0546	0.0498	0.3531
  B	0.1953	0	0.0587	0.0824	0.0587	0.259
  C	0.063	0.0631	0	0.0631	0.0631	0.0934
  D	0.0882	0.0757	0.054	0	0.0539	0.2996
  E	0.1185	0.0793	0.0795	0.0794	0	0.0773
  F	1.8742	0.7818	0.2624	0.9847	0.1726	0
